0	329	573	961	613	490	558	1030	894	894	768	628	727	677	671	837	1094	576	575	768
329	0	902	648	636	755	887	755	1223	1223	1057	349	414	946	1000	1126	1397	785	700	1097
573	902	0	1308	590	256	292	1236	351	321	210	1102	1295	418	170	273	521	387	498	225
961	648	1308	0	735	1052	1429	397	1653	1568	1357	359	234	1144	1430	1417	1688	983	827	1527
613	636	590	735	0	334	874	694	937	833	622	636	829	409	756	682	953	248	92	811
490	755	256	1052	334	0	544	980	603	530	313	899	1092	191	422	382	653	131	242	477
558	887	292	1429	874	544	0	1466	344	510	474	1186	1285	682	122	537	710	675	782	222
1030	755	1236	397	694	980	1466	0	1583	1462	1251	406	562	1038	1402	1311	1582	894	738	1457
894	1223	351	1653	937	603	344	1583	0	293	523	1423	1616	715	272	442	449	734	845	126
894	1223	321	1568	833	530	510	1462	293	0	246	1418	1611	424	397	151	200	659	772	288
768	1057	210	1357	622	313	474	1251	523	246	0	1201	1394	213	352	95	366	444	555	397
628	349	1102	359	636	899	1186	406	1423	1418	1201	0	197	1045	1200	1270	1541	884	728	1297
727	414	1295	234	829	1092	1285	562	1616	1611	1394	197	0	1238	1393	1463	1734	1077	921	1490
677	946	418	1144	409	191	682	1038	715	424	213	1045	1238	0	560	273	544	235	352	605
671	1000	170	1430	756	422	122	1402	272	397	352	1200	1393	560	0	415	597	553	664	150
837	1126	273	1417	682	382	537	1311	442	151	95	1270	1463	273	415	0	271	508	624	437
1094	1397	521	1688	953	653	710	1582	449	200	366	1541	1734	544	597	271	0	779	895	488
576	785	387	983	248	131	675	894	734	659	444	884	1077	235	553	508	779	0	156	608
575	700	498	827	92	242	782	738	845	772	555	728	921	352	664	624	895	156	0	719
768	1097	225	1527	811	477	222	1457	126	288	397	1297	1490	605	150	437	488	608	719	0


0	329	573	961	613	490	558	1030	894	894	768	628	727	677	671	837	1094	576	575	768
329	0	902	648	636	755	887	755	1223	1223	1057	349	414	946	1000	1126	1397	785	700	1097
573	902	0	1308	590	256	292	1236	351	321	210	1102	1295	418	170	273	521	387	498	225
961	648	1308	0	735	1052	1429	397	1653	1568	1357	359	234	1144	1430	1417	1688	983	827	1527
613	636	590	735	0	334	874	694	937	833	622	636	829	409	756	682	953	248	92	811
490	755	256	1052	334	0	544	980	603	530	313	899	1092	191	422	382	653	131	242	477
558	887	292	1429	874	544	0	1466	344	510	474	1186	1285	682	122	537	710	675	782	222
1030	755	1236	397	694	980	1466	0	1583	1462	1251	406	562	1038	1402	1311	1582	894	738	1457
894	1223	351	1653	937	603	344	1583	0	293	523	1423	1616	715	272	442	449	734	845	126
894	1223	321	1568	833	530	510	1462	293	0	246	1418	1611	424	397	151	200	659	772	288
768	1057	210	1357	622	313	474	1251	523	246	0	1201	1394	213	352	95	366	444	555	397
628	349	1102	359	636	899	1186	406	1423	1418	1201	0	197	1045	1200	1270	1541	884	728	1297
727	414	1295	234	829	1092	1285	562	1616	1611	1394	197	0	1238	1393	1463	1734	1077	921	1490
677	946	418	1144	409	191	682	1038	715	424	213	1045	1238	0	560	273	544	235	352	605
671	1000	170	1430	756	422	122	1402	272	397	352	1200	1393	560	0	415	597	553	664	150
837	1126	273	1417	682	382	537	1311	442	151	95	1270	1463	273	415	0	271	508	624	437
1094	1397	521	1688	953	653	710	1582	449	200	366	1541	1734	544	597	271	0	779	895	488
576	785	387	983	248	131	675	894	734	659	444	884	1077	235	553	508	779	0	156	608
575	700	498	827	92	242	782	738	845	772	555	728	921	352	664	624	895	156	0	719
768	1097	225	1527	811	477	222	1457	126	288	397	1297	1490	605	150	437	488	608	719	0
