0	329	573	961	613	490	558	1030	894	894	768	628	727	677	671	837	1094	576	575	768	518	1169	486	675	804	688	205	727	786	900	191	620	69	939	900	1007	690	333	1150	375	828	356	673	388	882	185	530	871	738	287
329	0	902	648	636	755	887	755	1223	1223	1057	349	414	946	1000	1126	1397	785	700	1097	205	1438	283	548	529	977	150	712	679	667	320	949	398	1208	1229	732	888	437	1419	571	1097	685	1002	185	1211	164	296	1200	463	518
573	902	0	1308	590	256	292	1236	351	321	210	1102	1295	418	170	273	521	387	498	225	1091	682	960	938	1127	144	778	866	1008	1473	764	169	565	452	327	1327	501	521	663	429	341	223	100	862	309	758	1103	370	1212	440
961	648	1308	0	735	1052	1429	397	1653	1568	1357	359	234	1144	1430	1417	1688	983	827	1527	443	1636	497	370	184	1285	756	546	384	434	952	1379	1030	1406	1631	217	987	811	1617	941	1295	1115	1363	595	1613	812	518	1671	245	892
613	636	590	735	0	334	874	694	937	833	622	636	829	409	756	682	953	248	92	811	702	901	549	365	554	567	609	324	435	1141	705	755	639	671	913	754	252	348	882	308	560	560	645	469	895	529	797	956	746	363
490	755	256	1052	334	0	544	980	603	530	313	899	1092	191	422	382	653	131	242	477	910	683	757	682	871	233	671	610	752	1366	681	421	483	453	579	1071	245	318	664	184	342	258	311	659	561	591	996	622	1009	275
558	887	292	1429	874	544	0	1466	344	510	474	1186	1285	682	122	537	710	675	782	222	1076	919	1044	1059	1248	424	763	1111	1170	1458	749	130	489	716	446	1448	789	618	927	572	605	322	364	946	428	743	1088	313	1296	537
1030	755	1236	397	694	980	1466	0	1583	1462	1251	406	562	1038	1402	1311	1582	894	738	1457	550	1530	544	407	226	1213	863	370	333	771	1021	1401	1099	1300	1559	210	864	848	1511	952	1189	1152	1291	642	1541	865	645	1602	479	929
894	1223	351	1653	937	603	344	1583	0	293	523	1423	1616	715	272	442	449	734	845	126	1412	658	1281	1283	1472	483	1099	1213	1355	1794	1085	293	833	681	126	1672	848	842	675	776	570	542	413	1183	156	1079	1424	99	1533	761
894	1223	321	1568	833	530	510	1462	293	0	246	1418	1611	424	397	151	200	659	772	288	1412	409	1276	1198	1387	297	1099	1092	1254	1794	1085	396	886	390	173	1587	670	837	426	703	279	544	221	1178	137	1079	1424	392	1528	761
768	1057	210	1357	622	313	474	1251	523	246	0	1201	1394	213	352	95	366	444	555	397	1212	477	1059	987	1176	80	973	881	1043	1668	959	351	760	247	417	1376	459	620	458	486	136	418	110	961	381	893	1298	542	1311	577
628	349	1102	359	636	899	1186	406	1423	1418	1201	0	197	1045	1200	1270	1541	884	728	1297	144	1537	142	271	180	1121	457	545	383	509	619	1149	697	1307	1429	383	888	581	1518	715	1196	885	1199	240	1411	463	239	1441	114	662
727	414	1295	234	829	1092	1285	562	1616	1611	1394	197	0	1238	1393	1463	1734	1077	921	1490	209	1730	335	464	349	1314	522	711	549	340	718	1342	796	1500	1622	432	1081	774	1711	908	1389	1078	1392	433	1604	578	284	1598	83	855
677	946	418	1144	409	191	682	1038	715	424	213	1045	1238	0	560	273	544	235	352	605	1101	492	948	774	963	288	862	668	830	1550	868	559	670	262	595	1163	246	509	473	375	151	445	318	850	559	782	1187	750	1155	466
671	1000	170	1430	756	422	122	1402	272	397	352	1200	1393	560	0	415	597	553	664	150	1189	806	1058	1060	1249	302	876	1032	1171	1571	862	51	611	594	374	1449	667	619	805	573	483	315	242	960	356	856	1201	241	1310	538
837	1126	273	1417	682	382	537	1311	442	151	95	1270	1463	273	415	0	271	508	624	437	1281	420	1128	1047	1236	149	1042	941	1103	1737	1028	414	829	243	322	1436	519	689	437	555	132	487	173	1030	286	962	1367	541	1380	646
1094	1397	521	1688	953	653	710	1582	449	200	366	1541	1734	544	597	271	0	779	895	488	1552	217	1399	1318	1507	420	1299	1212	1374	1994	1285	596	1086	320	325	1707	790	960	234	826	399	744	421	1301	335	1233	1624	548	1651	917
576	785	387	983	248	131	675	894	734	659	444	884	1077	235	553	508	779	0	156	608	922	727	769	613	802	364	701	524	683	1389	767	552	569	497	710	1002	114	348	708	214	386	389	442	689	692	621	1017	753	994	305
575	700	498	827	92	242	782	738	845	772	555	728	921	352	664	624	895	156	0	719	766	844	613	457	646	475	630	368	527	1233	726	663	568	614	821	846	195	277	825	216	503	468	553	533	803	550	861	864	838	292
768	1097	225	1527	811	477	222	1457	126	288	397	1297	1490	605	150	437	488	608	719	0	1286	697	1155	1157	1346	357	973	1087	1229	1668	959	167	711	639	224	1546	722	716	714	650	528	416	287	1057	206	953	1298	145	1407	635
518	205	1091	443	702	910	1076	550	1412	1412	1212	144	209	1101	1189	1281	1552	922	766	1286	0	1593	153	406	324	1132	313	689	527	471	509	1138	587	1363	1418	527	954	592	1574	726	1252	874	1191	251	1400	369	95	1389	258	673
1169	1438	682	1636	901	683	919	1530	658	409	477	1537	1730	492	806	420	217	727	844	697	1593	0	1440	1266	1455	552	1354	1160	1322	2042	1360	805	1162	230	534	1655	738	1001	62	867	341	890	582	1342	544	1274	1679	757	1647	958
486	283	960	497	549	757	1044	544	1281	1276	1059	142	335	948	1058	1128	1399	769	613	1155	153	1440	0	265	318	979	345	558	396	624	477	1007	555	1210	1287	521	801	439	1421	573	1099	743	1057	98	1269	321	248	1299	252	520
675	548	938	370	365	682	1059	407	1283	1198	987	271	464	774	1060	1047	1318	613	457	1157	406	1266	265	0	189	915	610	293	131	776	742	1009	744	1036	1261	389	617	441	1247	571	925	745	993	363	1243	586	501	1301	381	522
804	529	1127	184	554	871	1248	226	1472	1387	1176	180	349	963	1249	1236	1507	802	646	1346	324	1455	318	189	0	1104	637	365	203	618	795	1198	873	1225	1450	203	806	630	1436	760	1114	934	1182	416	1432	639	419	1490	266	711
688	977	144	1285	567	233	424	1213	483	297	80	1121	1314	288	302	149	420	364	475	357	1132	552	979	915	1104	0	893	843	985	1588	879	301	680	322	412	1304	478	540	533	406	211	338	78	881	394	813	1218	502	1231	497
205	150	778	756	609	671	763	863	1099	1099	973	457	522	862	876	1042	1299	701	630	973	313	1354	345	610	637	893	0	723	741	695	196	825	274	1124	1105	840	815	353	1335	487	1013	561	878	247	1087	80	325	1076	571	434
727	712	866	546	324	610	1111	370	1213	1092	881	545	711	668	1032	941	1212	524	368	1087	689	1160	558	293	365	843	723	0	162	980	819	1031	796	930	1189	565	494	493	1141	582	819	797	921	545	1171	643	784	1232	628	574
786	679	1008	384	435	752	1170	333	1355	1254	1043	383	549	830	1171	1103	1374	683	527	1229	527	1322	396	131	203	985	741	162	0	818	873	1120	855	1092	1331	403	656	552	1303	682	981	856	1063	494	1313	702	622	1374	466	633
900	667	1473	434	1141	1366	1458	771	1794	1794	1668	509	340	1550	1571	1737	1994	1389	1233	1668	471	2042	624	776	618	1588	695	980	818	0	891	1520	969	1812	1800	567	1393	1048	2023	1182	1701	1256	1573	722	1782	775	393	1771	395	1129
191	320	764	952	705	681	749	1021	1085	1085	959	619	718	868	862	1028	1285	767	726	959	509	1360	477	742	795	879	196	819	873	891	0	811	260	1130	1091	998	881	449	1341	566	1019	547	864	379	1073	176	521	1062	729	478
620	949	169	1379	755	421	130	1401	293	396	351	1149	1342	559	51	414	596	552	663	167	1138	805	1007	1009	1198	301	825	1031	1120	1520	811	0	587	593	382	1398	666	568	804	522	482	264	241	909	364	805	1150	292	1259	487
69	398	565	1030	639	483	489	1099	833	886	760	697	796	670	611	829	1086	569	568	711	587	1162	555	744	873	680	274	796	855	969	260	587	0	932	892	1076	683	326	1143	368	821	348	665	457	874	254	599	802	807	280
939	1208	452	1406	671	453	716	1300	681	390	247	1307	1500	262	594	243	320	497	614	639	1363	230	1210	1036	1225	322	1124	930	1092	1812	1130	593	932	0	561	1425	508	771	211	637	111	660	352	1112	525	1044	1449	780	1417	728
900	1229	327	1631	913	579	446	1559	126	173	417	1429	1622	595	374	322	325	710	821	224	1418	534	1287	1261	1450	412	1105	1189	1331	1800	1091	382	892	561	0	1650	824	848	551	752	450	550	334	1189	36	1085	1430	225	1539	767
1007	732	1327	217	754	1071	1448	210	1672	1587	1376	383	432	1163	1449	1436	1707	1002	846	1546	527	1655	521	389	203	1304	840	565	403	567	998	1398	1076	1425	1650	0	1006	830	1636	960	1314	1134	1382	619	1632	842	622	1690	349	911
690	888	501	987	252	245	789	864	848	670	459	888	1081	246	667	519	790	114	195	722	954	738	801	617	806	478	815	494	656	1393	881	666	683	508	824	1006	0	462	719	328	397	503	556	721	805	735	1049	867	998	419
333	437	521	811	348	318	618	848	842	837	620	581	774	509	619	689	960	348	277	716	592	1001	439	441	630	540	353	493	552	1048	449	568	326	771	848	830	462	0	982	134	660	304	618	341	830	273	678	860	691	81
1150	1419	663	1617	882	664	927	1511	675	426	458	1518	1711	473	805	437	234	708	825	714	1574	62	1421	1247	1436	533	1335	1141	1303	2023	1341	804	1143	211	551	1636	719	982	0	848	322	871	563	1323	561	1255	1660	774	1628	939
375	571	429	941	308	184	572	952	776	703	486	715	908	375	573	555	826	214	216	650	726	867	573	571	760	406	487	582	682	1182	566	522	368	637	752	960	328	134	848	0	526	258	484	475	734	407	812	795	825	91
828	1097	341	1295	560	342	605	1189	570	279	136	1196	1389	151	483	132	399	386	503	528	1252	341	1099	925	1114	211	1013	819	981	1701	1019	482	821	111	450	1314	397	660	322	526	0	549	241	1001	414	933	1338	669	1306	617
356	685	223	1115	560	258	322	1152	542	544	418	885	1078	445	315	487	744	389	468	416	874	890	743	745	934	338	561	797	856	1256	547	264	348	660	550	1134	503	304	871	258	549	0	323	645	532	541	886	556	995	223
673	1002	100	1363	645	311	364	1291	413	221	110	1199	1392	318	242	173	421	442	553	287	1191	582	1057	993	1182	78	878	921	1063	1573	864	241	665	352	334	1382	556	618	563	484	241	323	0	959	316	858	1203	432	1309	540
388	185	862	595	469	659	946	642	1183	1178	961	240	433	850	960	1030	1301	689	533	1057	251	1342	98	363	416	881	247	545	494	722	379	909	457	1112	1189	619	721	341	1323	475	1001	645	959	0	1171	223	346	1201	350	422
882	1211	309	1613	895	561	428	1541	156	137	381	1411	1604	559	356	286	335	692	803	206	1400	544	1269	1243	1432	394	1087	1171	1313	1782	1073	364	874	525	36	1632	805	830	561	734	414	532	316	1171	0	1067	1412	255	1521	749
185	164	758	812	529	591	743	865	1079	1079	893	463	578	782	856	962	1233	621	550	953	369	1274	321	586	639	813	80	643	702	775	176	805	254	1044	1085	842	735	273	1255	407	933	541	858	223	1067	0	405	1056	573	354
530	296	1103	518	797	996	1088	645	1424	1424	1298	239	284	1187	1201	1367	1624	1017	861	1298	95	1679	248	501	419	1218	325	784	622	393	521	1150	599	1449	1430	622	1049	678	1660	812	1338	886	1203	346	1412	405	0	1401	353	759
871	1200	370	1671	956	622	313	1602	99	392	542	1441	1598	750	241	541	548	753	864	145	1389	757	1299	1301	1490	502	1076	1232	1374	1771	1062	292	802	780	225	1690	867	860	774	795	669	556	432	1201	255	1056	1401	0	1551	779
738	463	1212	245	746	1009	1296	479	1533	1528	1311	114	83	1155	1310	1380	1651	994	838	1407	258	1647	252	381	266	1231	571	628	466	395	729	1259	807	1417	1539	349	998	691	1628	825	1306	995	1309	350	1521	573	353	1551	0	772
287	518	440	892	363	275	537	929	761	761	577	662	855	466	538	646	917	305	292	635	673	958	520	522	711	497	434	574	633	1129	478	487	280	728	767	911	419	81	939	91	617	223	540	422	749	354	759	779	772	0

0	17493	22782	14827	10242	112387	48225	5382	26661	30183	5449	7115	10899	7590	7201	59593	13039	7581	16743	23836	38213	11290	15973	8885	26286	19798	36041	14689	5242	6634	35157	14405	46308	280943	94525	9114	10529	29736	9211	7101	33821	61472	18421	23938	35337	28109	19772	20059	12721	8691
17174	0	7544	4910	3391	37216	15969	1782	8828	9995	1804	2356	3609	2513	2385	19733	4318	2510	5544	7893	12654	3738	5289	2942	8704	6556	11934	4864	1736	2197	11642	4770	15334	93030	31301	3018	3487	9847	3050	2351	11199	20356	6100	7927	11701	9308	6547	6642	4212	2878
22429	7565	0	6412	4429	48604	20856	2328	11530	13053	2357	3077	4714	3282	3114	25772	5639	3279	7241	10308	16526	4882	6908	3842	11368	8562	15586	6352	2267	2869	15204	6229	20027	121499	40879	3942	4553	12860	3983	3071	14626	26585	7966	10352	15282	12156	8551	8675	5502	3758
14536	4903	6385	0	2871	31499	13516	1508	7472	8459	1527	1994	3055	2127	2018	16702	3654	2125	4693	6681	10710	3164	4477	2490	7367	5549	10101	4117	1469	1859	9854	4037	12979	78741	26493	2554	2951	8334	2582	1990	9479	17229	5163	6709	9904	7878	5542	5622	3565	2436
10016	3378	4400	2864	0	21706	9314	1039	5149	5829	1052	1374	2105	1466	1391	11509	2518	1464	3234	4604	7380	2180	3085	1716	5077	3824	6961	2837	1012	1281	6790	2782	8944	54259	18256	1760	2033	5743	1779	1371	6532	11872	3558	4623	6825	5429	3819	3874	2457	1678
116190	39190	51038	33217	22945	0	108040	12058	59729	67619	12208	15941	24418	17003	16133	133508	29211	16985	37509	53401	85609	25293	35785	19905	58890	44354	80743	32908	11745	14863	78763	32271	103746	629407	211768	20418	23589	66620	20635	15909	75770	137718	41269	53629	79168	62973	44296	44939	28500	19470
48130	16234	21142	13760	9505	104299	0	4995	24742	28010	5057	6603	10115	7043	6683	55304	12100	7036	15538	22121	35463	10477	14823	8245	24394	18373	33447	13632	4865	6157	32627	13368	42975	260724	87722	8458	9771	27596	8548	6590	31387	57048	17095	22215	32794	26086	18349	18615	11806	8065
5250	1771	2306	1501	1037	11377	4882	0	2699	3055	552	720	1103	768	729	6033	1320	767	1695	2413	3868	1143	1617	899	2661	2004	3649	1487	531	672	3559	1458	4688	28441	9569	923	1066	3010	932	719	3424	6223	1865	2423	3577	2846	2002	2031	1288	880
26302	8872	11554	7520	5194	56998	24458	2730	0	15307	2764	3609	5528	3849	3652	30223	6613	3845	8491	12089	19380	5726	8101	4506	13331	10041	18278	7450	2659	3365	17830	7305	23485	142482	47939	4622	5340	15081	4671	3601	17152	31176	9342	12140	17922	14255	10028	10173	6452	4407
29833	10062	13105	8529	5891	64649	27740	3096	15336	0	3135	4093	6270	4366	4142	34279	7500	4361	9631	13711	21981	6494	9188	5111	15121	11388	20732	8449	3016	3816	20223	8286	26638	161607	54374	5243	6057	17105	5298	4085	19455	35361	10596	13770	20327	16169	11374	11539	7318	4999
5316	1793	2335	1520	1050	11520	4943	552	2733	3094	0	729	1117	778	738	6108	1336	777	1716	2443	3917	1157	1637	911	2694	2029	3694	1506	537	680	3604	1476	4747	28796	9689	934	1079	3048	944	728	3467	6301	1888	2454	3622	2881	2027	2056	1304	891
6947	2343	3052	1986	1372	15055	6460	721	3571	4043	730	0	1460	1017	965	7983	1747	1016	2243	3193	5119	1512	2140	1190	3521	2652	4828	1968	702	889	4709	1930	6203	37633	12662	1221	1410	3983	1234	951	4530	8234	2468	3207	4734	3765	2649	2687	1704	1164
10663	3597	4684	3048	2106	23107	9915	1107	5482	6206	1120	1463	0	1560	1481	12252	2681	1559	3442	4901	7857	2321	3284	1827	5404	4070	7410	3020	1078	1364	7228	2962	9521	57762	19434	1874	2165	6114	1894	1460	6954	12639	3787	4922	7265	5779	4065	4124	2616	1787
7412	2500	3256	2119	1464	16062	6892	769	3810	4314	779	1017	1558	0	1029	8517	1863	1084	2393	3407	5461	1614	2283	1270	3757	2829	5151	2099	749	948	5025	2059	6618	40152	13509	1303	1505	4250	1316	1015	4834	8786	2633	3421	5050	4017	2826	2867	1818	1242
7031	2372	3089	2010	1389	15237	6538	730	3615	4092	739	965	1478	1029	0	8079	1768	1028	2270	3232	5181	1531	2166	1205	3564	2684	4886	1991	711	899	4766	1953	6278	38090	12815	1236	1427	4032	1249	963	4585	8334	2497	3245	4791	3811	2681	2720	1725	1178
59843	20184	26287	17108	11818	129681	55645	6210	30763	34827	6288	8210	12576	8757	8309	0	15045	8748	19319	27504	44093	13027	18431	10252	30331	22844	41586	16949	6049	7655	40566	16621	53434	324172	109070	10516	12149	34312	10628	8194	39025	70931	21255	27621	40775	32434	22815	23146	14679	10028
12771	4307	5610	3651	2522	27674	11875	1325	6565	7432	1342	1752	2684	1869	1773	14674	0	1867	4123	5869	9409	2780	3933	2188	6473	4875	8875	3617	1291	1634	8657	3547	11403	69179	23276	2244	2593	7322	2268	1749	8328	15137	4536	5895	8701	6921	4869	4939	3132	2140
7404	2497	3252	2117	1462	16045	6885	768	3806	4309	778	1016	1556	1084	1028	8508	1861	0	2390	3403	5455	1612	2280	1268	3753	2826	5145	2097	748	947	5019	2056	6611	40108	13494	1301	1503	4245	1315	1014	4828	8776	2630	3417	5045	4013	2823	2864	1816	1241
16431	5542	7217	4697	3245	35606	15278	1705	8447	9562	1726	2254	3453	2404	2281	18880	4131	2402	0	7552	12106	3577	5060	2815	8328	6272	11418	4654	1661	2102	11138	4564	14671	89006	29947	2887	3336	9421	2918	2250	10715	19475	5836	7584	11195	8905	6264	6355	4030	2753
23480	7920	10314	6713	4637	50883	21834	2437	12071	13665	2467	3221	4935	3436	3260	26980	5903	3432	7580	0	17301	5111	7232	4023	11901	8963	16317	6650	2374	3004	15917	6522	20966	127195	42796	4126	4767	13463	4170	3215	15312	27831	8340	10838	15999	12726	8952	9082	5759	3935
37933	12794	16663	10845	7491	82201	35272	3937	19500	22076	3986	5204	7972	5551	5267	43587	9537	5545	12246	17434	0	8257	11683	6498	19226	14480	26360	10744	3834	4852	25714	10536	33870	205484	69136	6666	7701	21749	6737	5194	24737	44961	13473	17509	25846	20559	14462	14671	9304	6356
11047	3726	4853	3158	2182	23940	10273	1146	5679	6429	1161	1516	2322	1617	1534	12694	2777	1615	3566	5077	8140	0	3402	1893	5599	4217	7677	3129	1117	1413	7489	3068	9864	59845	20135	1941	2243	6334	1962	1513	7204	13094	3924	5099	7527	5988	4212	4273	2710	1851
15669	5285	6883	4480	3094	33955	14570	1626	8055	9119	1646	2150	3293	2293	2176	18004	3939	2290	5058	7202	11545	3411	0	2684	7942	5981	10889	4438	1584	2004	10622	4352	13991	84880	28558	2754	3181	8984	2783	2145	10218	18572	5565	7232	10676	8492	5974	6060	3843	2626
8683	2929	3814	2482	1715	18816	8074	901	4464	5053	912	1191	1825	1271	1206	9977	2183	1269	2803	3991	6398	1890	2674	0	4401	3315	6034	2459	878	1111	5886	2412	7753	47036	15826	1526	1763	4979	1542	1189	5662	10292	3084	4008	5916	4706	3310	3358	2130	1455
25927	8745	11389	7412	5120	56185	24109	2691	13328	15089	2724	3557	5449	3794	3600	29792	6518	3790	8370	11916	19104	5644	7985	4442	0	9897	18018	7343	2621	3317	17576	7201	23151	140451	47256	4556	5264	14866	4605	3550	16908	30732	9209	11967	17666	14052	9885	10028	6360	4345
19460	6564	8548	5563	3843	42171	18095	2020	10004	11325	2045	2670	4090	2848	2702	22361	4892	2845	6282	8944	14339	4236	5994	3334	9863	0	13523	5512	1967	2489	13192	5405	17376	105418	35468	3420	3951	11158	3456	2665	12691	23066	6912	8982	13260	10547	7419	7527	4773	3261
35735	12053	15697	10216	7057	77438	33228	3708	18370	20797	3755	4903	7510	5229	4962	41061	8984	5224	11536	16424	26330	7779	11006	6122	18112	13641	0	10121	3612	4571	24224	9925	31908	193578	65131	6280	7255	20489	6346	4893	23304	42356	12692	16494	24349	19368	13624	13821	8765	5988
14399	4857	6325	4117	2844	31204	13389	1494	7402	8380	1513	1976	3026	2107	1999	16546	3620	2105	4649	6618	10610	3135	4435	2467	7298	5497	10006	0	1456	1842	9761	3999	12857	78002	26244	2530	2923	8256	2557	1972	9390	17067	5114	6646	9811	7804	5490	5569	3532	2413
5114	1725	2246	1462	1010	11081	4755	531	2629	2976	537	702	1075	748	710	5876	1286	747	1651	2350	3768	1113	1575	876	2592	1952	3554	1448	0	654	3466	1420	4566	27701	9320	899	1038	2932	908	700	3335	6061	1816	2360	3484	2771	1950	1978	1254	857
6476	2184	2845	1851	1279	14033	6022	672	3329	3769	680	888	1361	948	899	7441	1628	947	2091	2976	4771	1410	1994	1109	3282	2472	4500	1834	655	0	4390	1799	5782	35080	11803	1138	1315	3713	1150	887	4223	7676	2300	2989	4412	3510	2469	2505	1588	1085
34842	11752	15305	9961	6881	75503	32398	3616	17911	20277	3661	4780	7322	5099	4838	40035	8760	5093	11248	16014	25672	7585	10731	5969	17659	13300	24213	9868	3522	4457	0	9677	31110	188741	63503	6123	7074	19977	6188	4771	22721	41298	12375	16082	23740	18884	13283	13476	8546	5838
14119	4762	6202	4036	2788	30595	13128	1465	7258	8217	1483	1937	2967	2066	1960	16223	3550	2064	4558	6489	10403	3073	4348	2419	7156	5390	9811	3999	1427	1806	9571	0	12606	76481	25733	2481	2866	8095	2507	1933	9207	16735	5015	6517	9620	7652	5383	5461	3463	2366
46169	15573	20281	13199	9117	100050	42931	4791	23734	26869	4851	6334	9703	6756	6411	53051	11607	6749	14905	21220	34018	10050	14220	7909	23401	17624	32084	13076	4667	5906	31297	12823	0	250103	84149	8114	9373	26472	8200	6322	30108	54724	16399	21310	31458	25023	17602	17857	11325	7737
320661	108156	140856	91673	63323	694878	298169	33277	164841	186616	33692	43993	67389	46926	44524	368455	80617	46874	103518	147377	236265	69803	98759	54934	162524	122407	222835	90819	32414	41018	217370	89061	286318	0	584437	56351	65100	183857	56948	43906	209110	380075	113893	148006	218487	173792	122249	124023	78654	53733
96757	32635	42502	27662	19107	209674	89970	10041	49740	56310	10166	13275	20334	14159	13435	111178	24326	14144	31236	44470	71291	21063	29800	16576	49040	36935	67239	27404	9781	12377	65590	26874	86394	524138	0	17003	19643	55477	17184	13248	63097	114685	34366	44660	65927	52441	36888	37423	23733	16213
8908	3005	3913	2547	1759	19304	8283	924	4579	5184	936	1222	1872	1304	1237	10236	2240	1302	2876	4094	6564	1939	2744	1526	4515	3401	6190	2523	900	1140	6039	2474	7954	48256	16236	0	1809	5108	1582	1220	5809	10559	3164	4112	6070	4828	3396	3445	2185	1493
10299	3474	4524	2944	2034	22318	9576	1069	5294	5994	1082	1413	2164	1507	1430	11834	2589	1505	3325	4733	7588	2242	3172	1764	5220	3931	7157	2917	1041	1317	6981	2860	9196	55789	18771	1810	0	5905	1829	1410	6716	12207	3658	4754	7017	5582	3926	3983	2526	1726
29385	9911	12908	8401	5803	63678	27324	3049	15106	17101	3087	4031	6175	4300	4080	33765	7388	4295	9486	13505	21651	6397	9050	5034	14893	11217	20420	8323	2970	3759	19919	8161	26238	159179	53557	5164	5966	0	5219	4024	19162	34830	10437	13563	20022	15926	11203	11365	7208	4924
9003	3037	3955	2574	1778	19510	8372	934	4628	5240	946	1235	1892	1318	1250	10345	2263	1316	2906	4138	6633	1960	2773	1542	4563	3437	6256	2550	910	1152	6103	2501	8039	48770	16409	1582	1828	5162	0	1233	5871	10671	3198	4155	6134	4879	3432	3482	2208	1509
6933	2339	3046	1982	1369	15025	6447	720	3564	4035	729	951	1457	1015	963	7967	1743	1014	2238	3187	5109	1509	2135	1188	3514	2647	4818	1964	701	887	4700	1926	6191	37559	12637	1218	1408	3975	1231	0	4521	8218	2463	3200	4724	3758	2643	2682	1701	1162
33494	11297	14713	9576	6614	72582	31145	3476	17218	19493	3519	4595	7039	4902	4651	38486	8421	4896	10813	15394	24679	7291	10316	5738	16976	12786	23276	9486	3386	4284	22705	9303	29907	181439	61046	5886	6800	19204	5948	4586	0	39700	11896	15460	22822	18153	12769	12955	8216	5613
61793	20842	27144	17666	12203	133907	57459	6413	31766	35962	6493	8478	12986	9043	8580	71003	15535	9033	19949	28400	45530	13452	19032	10586	31319	23589	42942	17501	6246	7904	41888	17163	55175	334738	112625	10859	12545	35430	10974	8461	40297	0	21948	28522	42104	33491	23558	23900	15157	10355
18094	6103	7948	5173	3573	39209	16824	1878	9301	10530	1901	2482	3802	2648	2512	20790	4549	2645	5841	8316	13331	3939	5573	3100	9171	6907	12574	5125	1829	2314	12265	5025	16156	98014	32977	3180	3673	10374	3213	2477	11799	21446	0	8351	12328	9806	6898	6998	4438	3032
23582	7954	10359	6742	4657	51103	21928	2447	12123	13724	2478	3235	4956	3451	3274	27097	5929	3447	7613	10838	17375	5133	7263	4040	11952	9002	16388	6679	2384	3017	15986	6550	21056	127745	42981	4144	4788	13521	4188	3229	15378	27951	8376	0	16068	12781	8990	9121	5784	3952
35024	11813	15385	10013	6917	75899	32568	3635	18005	20383	3680	4805	7361	5125	4863	40245	8805	5120	11307	16097	25806	7624	10787	6000	17752	13370	24339	9920	3540	4480	23742	9728	31273	189729	63836	6155	7111	20082	6220	4796	22840	41514	12440	16166	0	18983	13353	13546	8591	5869
27752	9361	12191	7934	5480	60140	25806	2880	14266	16151	2916	3807	5832	4061	3853	31889	6977	4057	8959	12755	20448	6041	8547	4754	14066	10594	19286	7860	2805	3550	18813	7708	24780	150335	50581	4877	5634	15912	4929	3800	18098	32894	9857	12809	18909	0	10580	10734	6807	4650
19435	6555	8537	5556	3838	42116	18072	2017	9991	11311	2042	2666	4084	2844	2699	22332	4886	2841	6274	8932	14320	4231	5986	3329	9850	7419	13506	5504	1965	2486	13175	5398	17353	105280	35422	3415	3946	11143	3452	2661	12674	23036	6903	8971	13242	10533	0	7517	4767	3257
19720	6651	8662	5638	3894	42734	18337	2046	10137	11476	2072	2705	4144	2886	2738	22659	4958	2883	6366	9063	14530	4293	6073	3378	9995	7528	13704	5585	1993	2523	13368	5477	17608	106824	35942	3465	4003	11307	3502	2700	12860	23374	7004	9102	13436	10688	7518	0	4837	3304
12458	4202	5472	3561	2460	26996	11584	1293	6404	7250	1309	1709	2618	1823	1730	14314	3132	1821	4022	5726	9179	2712	3837	2134	6314	4755	8657	3528	1259	1594	8445	3460	11123	67484	22705	2189	2529	7143	2212	1706	8124	14766	4425	5750	8488	6752	4749	4818	0	2088
8492	2864	3730	2428	1677	18403	7897	881	4366	4942	892	1165	1785	1243	1179	9758	2135	1241	2742	3903	6257	1849	2616	1455	4304	3242	5902	2405	858	1086	5757	2359	7583	46003	15478	1492	1724	4869	1508	1163	5538	10066	3016	3920	5786	4603	3238	3285	2083	0

